email
2140275718
2140283609
2140293932
2140301282
2140301726
2140308812
2140313640
2140336885
2140339176
2140341182
2140344312
2140361408
2140362426
2140365782
2140376608
2140389324
2140400655
2140401538
2140439930
2140462502
2140477706
2138640927
2140505143
2141644630
2142033333
2142049178
2142099604
2142110320
2138125896
2138072444
1833300527
2142218258
2142193824
2136350596
2142385635
2142453265
2142549083
2106088287
2142591342
2142633387
2113647834
2143011938
2143039913
2143061265
2143067488
2143156731
2142980304
2143248939
2143255413
1907437304
2143289980
2143301784
2143302062
2143330139
2143343136
2143387113
2143390504
2143452494
2061075469
2143469254
2143521403
2143526392
2143551673
2143571129
2143573788
2143584450
2143626109
2143653343
2143657878
2143663912
2143675797
2143683320
2143686921
2143690736
2143770508
2143797057
2143819293
2143843388
2143892616
2143952542
2143991784
2144064355
2144126736
2144157969
2144339622
2098404413
2144524806
2144629955
2144691486
2144795102
2144797542
2144806090
2144832716
2144860402
2144863016
2144948849
2144974543
2145033374
2145050221
2145078391
2145087291
2057886914
2145136969
2145171560
2145190682
2145272386
2145374612
2145373810
2145446131
2145454325
2145506712
2145530400
2145581513
2145582006
2145604633
2145625888
2145680135
2145804987
2145886970
2145932158
2145949328
2145976728
2145998456
2146206647
2146213129
2146243415
2146273127
2146314471
2146318233
2146329175
2146359184
2146387888
2146556363
2146606317
2146620779
2146621543
2146869974
2146878234
2146903667
2146913103
2146935270
2146936041
2146938659
2146944337
2146992438
2147042579
2147089073
2147093032
2147123064
2147136551
2147140294
2147158676
2147217534
2147263838
2141616400
2147369463
2147456170
2147458326
2147471798
2147502203
2147543847
2147572127
2147575339
2147595112
2147623139
2122489111
2147650876
2147754582
2147781581
2147797928
2147799428
2147818439
2147821112
2147827733
2147952294
2147999485
2148042124
2148053276
2148082539
2148148248
2148168290
2148174776
2148243660
2148265178
2148295293
2148321861
2148329370
2148403211
2148413038
2148415096
2148462624
2148485827
2148638812
2148644490
2148696558
2148699677
2148719522
2148755236
2148761689
2148781597
2148806859
2148811060
2148857817
2148866609
2148869874
2148874925
2148878914
2148907811
2149002158
2149010830
2149040940
2149042848
2149071739
2149098268
2149102305
2149106170
2149106827
2149119653
2149153784
2149186431
2149245205
2149248437
2149262650
2149291124
2149315241
2149343192
2149361564
1812116127
2149393769
2149406322
2149424434
2149481518
2149538939
2149541610
2149549881
2149570399
2149603932
2149622703
2149687456
2149721737
2149725031
2149767292
2149768168
2149775594
2149853948
2149892272
2149921081
2149940408
2149977955
2150084296
2150220521
2150262660
2150296957
2150314585
2150350502
2150365205
2150377829
2150380023
2150424524
2150432277
2150483647
1851017627
2150612926
2150776814
2150861021
2150910698
2151100677
2151187589
2151244799
2151264221
2151298654
2151434168
2151435281
2151440897
2151467555
2151506578
2151708274
2151756664
2151795388
2151815438
2151868903
2151884860
2151909373
2151936206
2151972043
2152009786
2152018159
2152019619
2152023166
2049650713
2152039628
2152065458
2152159512
2152194979
2152229349
2152235488
2152248579
2152281659
2152283525
2152480724
2152481884
2152504346
2152564862
2152613012
2152989792
2153063889
2153074999
2153100995
2153107566
2153108580
2153128987
2153134298
2153140221
2153154810
2153184943
2153284230
2153342994
2153420396
2153552084
2153573186
2153646797
2153665842
2153709547
2153792167
2153968804
2153972525
2153983943
2154063662
2154341001
2154382773
2154459669
2154473638
2154518788
2154579276
2154663761
2154725869
2154824138
2154900743
2154960829
2154969713
2155174608
2155212294
2155509362
1975252418
2155983519
2147624474
2156110872
2156221624
2156259142
2156530496
2156821041
2135966840
2157109888
2157341563
2157412912
2157561632
2157561836
2157768849
2157818915
2157852893
2157922416
2158025297
2158112349
2158286026
2158669986
2158749455
1329024033
2158757366
2158784759
2158864255
2158877532
2158883793
2159077900
2159132932
2159158231
2159204509
2159379271
2159404448
2159453467
2159484386
2159492922
2054816892
2159587362
2159613455
2159769870
2159832398
2159897291
2160038675
2160099797
2160134483
2160160100
2160203820
2160220662
2160225205
2160236052
2160251850
2160298056
2160312080
2160356790
2160398796
2160428156
2160472189
2160481704
2160561894
2160568257
2160584629
2160592624
2160697435
2160700909
2160817638
2160853353
2160867670
2160909111
2160922987
2160958969
2160959627
2161005831
2161026164
2161036555
2161037685
2161057635
2161118162
2161124161
2161186606
2161268848
2161339447
2161341817
2161453594
2161459678
2161604778
2161613684
2161632754
2161682316
2161697292
2161698371
2161746762
2161806565
2161851604
2161877203
2161889068
2161941952
2161988078
2161992130
2162105209
2162111781
2162121211
2162196457
2162268287
2162286558
2162291544
2162330053
2162351461
2162450386
2162650717
2162661745
2162671826
2162681104
2162771860
2162776440
2162849631
2162899428
2163013896
2163030666
2163075370
2163083016
2163090432
2163090868
2163104499
2163114774
2163140134
2163198333
2163264753
2163273681
2163276061
2163284542
2163307760
2163481653
2163515437
2163588594
2163647916
2163700442
2163764845
2163908130
2163924197
2163953581
2164051560
2164115978
2164171563
2164177950
2164241014
2164242473
2164261797
2164272811
2164282309
2164293361
2164307746
2164384043
2164423198
2164426289
2164433637
2164435224
2164518802
2164523783
2164549223
2164582876
2164619819
2164687167
2164685194
2164697230
2164779191
2164794760
2164801066
2164831275
2164833275
2164875034
2165015588
2165022464
2165086210
2165147794
2165265500
2165252364
2165329818
2165596436
2165601750
2165767155
2166310378
2166817896
2167224451
2167829969
2167906565
2168333351
2168395347
2168515818
2168618100
2169018706
2169145888
2169189972
2169370505
2169784237
2170074153
2113767320
2170645751
2170740287
2170907412
2171212294
2171339159
2171350748
2171906385
2171919715
2171975601
2172283326
2172553500
2172594193
2172967480
2173039615
2173208618
2173240934
2173498764
2173537156
2173872030
2174137284
2174156195
2174193375
1858988535
2174451136
2174579635
2174747586
2174786789
2174786899
2174786910
2174833617
2175296182
2175302639
2175346059
2175474046
2175523180
2175626208
2175640569
2175754454
2175895477
2176440900
2176450081
2176479068
2176502789
2176527346
2176528290
2176536042
2176560390
2176612944
2176720564
2176769577
2060222687
2176929137
2177054101
2177083221
2177310437
2177574048
2177620863
2177633285
2177636859
2177663239
2177699106
2177754837
2177859096
2177903069
2177992441
2178045298
2178098834
2178307647
2178434525
2178800844
2178873344
2178926254
2179121576
2179156601
2179189961
2179267963
2179354478
2179377971
2179392980
2179404019
2179415288
2179435514
2179538722
2179542882
2179555729
2179610090
2180121881
2180140254
2180165843
2180196594
2180215443
2180237972
2180270259
2180297576
2180304452
2180329383
2180331613
2180418156
2180428563
2180457017
2180543469
2180561203
2180573729
2180577307
2180597069
2180761199
2180763069
2180775613
2180780005
2180781142
2180884070
2180962656
2180990310
2180999657
2181038078
2181047375
2181059679
2181131950
2181133793
2181147544
2181173156
2181256226
2181283510
2181408645
2181594869
2181637620
2181715090
2181730517
2181762725
2181867043
2181908380
2181937056
2181939154
2181999011
2182065990
2182094202
2182096090
2182172498
2182221549
2182256576
2182268993
2182298157
2182306226
2182358023
2182382284
2182459454
2182499140
2182598160
2182715341
2182862389
2182884547
2183018594
2183101375
2183121823
2183146033
2183152882
2183155464
2183194804
2183195812
2183225957
2183241445
2183308184
2183342314
2183354737
2183359913
2183364642
2183424427
2183461842
2183526587
2183585437
2183597259
2183621095
2183628290
2183747610
2183760018
2183761797
2183765172
2183772293
2183812520
2183821860
2183861362
2183885974
2183957957
2183998486
2184012139
2184112540
2184130137
2184200907
2184321536
2108806652
2184418277
2184461452
2184461477
2184471047
2184492197
2184504542
2184511558
2184529745
2184615028
2184671377
2184812512
2184919656
2185007535
2185110755
2185131071
2185223125
2185328785
2185433913
2185587454
2185632144
2185633625
2185640896
2185665868
2185741396
2185745366
2185859682
2185941075
2185963402
2186017665
2186024284
2186104238
2186120198
2186217659
2186252761
2186313976
2186354140
2186612047
2186687757
2186728467
2186832940
2186909361
2186926323
2186932497
2186985470
2187000898
2187063946
2187167669
2187189886
2187243722
2187264966
2187390346
2184757355
1880791088
2187486458
1790310383
2187721613
2187865546
2187883415
2188033716
2188101850
2188104715
2188152369
2188156136
2188159703
2188173687
2188194899
2188199628
2188200420
2188206038
2188207334
2188217001
2188217485
2188253029
2188269268
2188280328
2188301897
2188338949
2188351351
2188374260
2188395980
2188539082
2120178472
2188597522
2149947502
2188716256
2188914740
2189110039
2189238511
2189281767
2189400530
2189678959
2189980986
2189984940
2189997463
2190015534
2190079136
2190337939
2190362920
2190387054
2190589347
2190609667
2190712938
2190738288
2190850329
2190869732
2190873425
2190921490
2191011341
2191014381
2191075281
2191112926
2191136581
2191193897
2191202975
2191219912
2191231811
2191281919
2191333921
2191356304
2191367914
2191437933
2191479382
2191483706
2191509862
2191539804
2191551352
2191594436
2191615199
2191678789
2191702035
2191703950
2191715002
2191763552
2191893626
2192042760
2192181884
2192317954
2192417501
2192442248
2192448040
2192510724
2192544586
2192572982
2192590635
2192649483
2192711566
2192887494
2192947541
2193003892
2074164036
2193051624
2193161149
2193228449
2193273409
2193323380
2193462818
2193507013
2193543453
2193701262
2193842025
2193872106
2193872676
2193974142
2194015235
2194067650
2194094727
2194293830
2194608419
2194777107
2194850676
2195016788
2195047210
2195115880
2195130667
2195188679
2195251523
2195482402
2195634400
2195800264
2196149213
2196187223
2196200204
2196300000
2196308536
2196308990
2196392337
2196503384
2196587239
2196592791
2196632536
2196690404
2196731100
2196760570
2196826064
2197009389
2197180908
2197197704
2197214220
2197228559
2197298543
2197390999
2197426710
2197428000
2197484031
2197491797
2197521441
2197642794
2197674379
2197703992
2197733487
2197915870
2198021037
2198035194
2198101935
2198203383
2198416930
2198590103
2198995347
2199013134
2199020994
2199079614
2199084153
2199128990
2199229729
2199242884
2199498976
2199500641
2199523005
2199561521
2199587651
2199653935
2199727933
2199753274
2199860353
2199890656
2199964298
2200168489
2200223344
2200445185
2200550792
2201077162
2201154002
2201546846
2201578091
2201578856
2201677165
2201683593
2201736415
2201799196
2201804005
2201958645
2202004793
2202057997
2202172248
2202207633
2202287059
2202659866
2202725632
2202866393
2202976710
2202998300
2203054870
2203121556
2203394657
2203397495
2203400242
2203727005
2203750160
2204180721
2204463874
2204597728
2204645287
2204818466
2205443943
2205522466
2205553913
2205590883
2205612903
2205685871
2205710042
2205729115
2205967061
2206284817
2206347940
2206464374
2206491563
2206538172
2206591562
2206695446
2206704290
2206823807
2206845547
2206869811
2206871494
2206880147
2206922152
2206929170
2206929957
2206960774
2206961431
1972731875
2206968495
2206983755
2207007945
2207013296
2207015639
2207031829
2207057280
2207081332
2207147162
2207238878
2207305727
2207541725
2207713885
2207893989
2207995216
2208148055
2103970703
2208301226
2208333498
2208377445
2208380871
2208413375
2208474688
2208519860
2208561871
2208692825
2208692458
2208696131
2208697457
2208732976
2208773621
2208891597
2208891643
2208985243
2208985513
2209133514
2209138746
2209278881
2209394349
2209570820
2209697673
2209734887
2002818998
2209864717
2210017639
2210037903
2210145467
2210182744
2210251409
2210274237
2210284429
2209138661
2210332720
2210377640
2210394611
2210414123
2210476549
2210549996
2210608938
2210648094
2210729303
2210767389
2210787952
2210830418
2210879829
2211179437
2211221132
2211248934
2211294789
2211296077
2211301100
2211385335
2211461319
2211482197
2211535331
2211574634
2211599824
2211624893
2211795997
2211824967
2212026072
2212105160
2212114963
2212505346
2212655946
2212766136
2212816527
2212929367
2213003680
2213015359
2213258361
2213279407
2213301808
2213888151
2214005051
2214298349
2214304658
2214330938
2214339354
2214660147
2214937121
2215101656
2215163283
2215195154
2215275411
2215284980
2215293514
2215417875
2215448906
2215451356
2215479635
2215502401
2215505518
2215609708
2215627816
2215642188
2215668082
2215738951
2215797951
2215803719
2215834094
2215851180
2215981737
2215988957
2216016405
2216138555
2216153179
2216190873
2216245884
2216293842
2216302104
2120973859
2216689113
2216785897
2216791991
2216792690
2216827442
2216838483
2216940593
2216960099
2216966753
2216968102
2217007980
2217070848
2217217276
2217255048
2217513926
2217633893
2217660443
2217834370
2218064455
2218133762
2218224615
2218224875
2218287724
2218368966
2218371215
2218408419
2218455362
2218581716
2218664121
2218684347
2218784749
2218799361
2218864298
2218926087
2218942202
2218961634
2218974173
2218995801
2219088602
2219130802
2219135490
2219135676
2219342905
2219360440
2219514678
2219550321
2219633654
2219693866
2046615238
2219813286
2219845582
2219892307
2219946387
2135937115
2220042849
2220058967
2220083333
2220093734
2220154288
2220238512
2220244519
2220281944
2220295399
2220403575
2220404684
2220418536
2220435768
2220451225
2220563406
2220569981
2220663196
2220685520
2220720742
2220730302
2220779704
2220839574
2220839704
2220880559
2220918044
2220926556
2220942912
2220975498
2221047548
2221053855
2221115128
2221122386
2221139603
2221148188
2221158087
2221160089
2221160474
2221169621
2221185594
2221189861
2221209090
2221303520
2221489476
2221581361
2221593122
1829898508
2221656008
2221860018
2221923119
2221946676
2222007080
2222030800
2222198695
2222234220
2222265280
2222272066
2222284078
2222321286
2222357798
2222372851
2222422922
2222492469
2222495715
2222628949
2222666256
2222763450
2222807081
2222825196
2222961592
2223039787
2223046146
2223078830
2223085923
2223109065
2223201718
2223225873
2223263622
2223478029
2223486917
2223524590
2223582653
2223672867
2223675354
2223696990
2223708760
2223793202
2223827810
2223897158
2223897607
2223930168
2223967998
2223987644
2223998631
2224007606
2224014527
2224198154
2224199194
2224282567
2224325442
2224396398
2224413466
2224602175
2224619249
2224690638
2224800450
2224891847
2224895500
2224954461
2225048417
2225063992
2225110430
2225126695
2225126836
2225131146
2225147604
2225181908
2225184002
2225253755
2225314805
2225335308
2225336438
2225369656
2225393959
2225432406
2225644687
2225651212
2225750075
2225888961
2225899286
2225899988
2225909062
2225909131
2226021798
2226030560
2226050223
2226054691
2226082372
2226094009
2226148355
2226174788
2226176553
2226185082
2226194388
2226273090
2226295709
2226295884
2226310722
2226343581
2226364790
2226401230
2226422313
2226425641
2226431577
2226447613
2226475707
2226476042
2226480389
2226485354
2226504114
2226514475
2166808313
2226650784
2226658363
2226723213
2226807207
2226822037
2226871476
2226893407
2227023174
2227069054
2227112929
2227136448
2227142443
2227157222
2227160388
2227186516
2227189326
2227216792
2227273435
2227280899
2227303420
2227357378
2227363506
2227408681
2227422939
2227431026
2227442392
2227448960
2227459017
2227463204
2227464395
2227487421
2227486193
2227532462
2227530396
2227548256
2227575298
2227595171
2227596835
2227603681
2227617671
2227643753
2227663312
2227711797
2227742118
2227758343
2227766108
2227756785
2227779148
2227796460
2227797002
2227819145
2227827646
2227844097
2227847838
2227859753
2227861024
2227888624
2227899988
2227904071
2227917093
2227922959
2227947151
2227989931
2228010295
2228031654
2228045596
2228046877
2228048771
2228075289
2228087896
2228110191
2228121725
2228157082
2228178271
2228182094
2228195202
2228225142
2228232952
2228235819
2228246608
2228247967
2228262974
2228263699
2228269281
2228293848
2228317791
2228327672
2228350953
2228371023
2228382331
2228456629
2228464643
2228469553
2228521384
2228537361
2228544996
2228584870
2228603737
2228609437
2228663532
2228705530
2228712373
2228732915
2228782343
2228785433
2228810795
2228831954
2228919239
2228967752
2228974738
2222127583
2229013385
2229041674
2229088838
2229100108
2229105727
2229105721
2229124949
2229156302
2229169219
2229202677
2229212073
2229229370
2229236168
2229275611
2229278419
2229355395
2229431385
2229494194
2229533293
2229569428
2229618957
2229646341
2229664699
2229702808
2229779994
2229839320
2229851746
2229851913
2229872081
2229913405
2229988091
2230077540
2230121065
2230124317
2230153744
2230191682
2230192178
2230237695
2230241775
2230247847
2230286200
2230299088
2230329742
2230331406
2230341343
2230354517
2230359580
2229952096
2230396934
2230429690
2230453819
2230494956
2206981120
2230531569
2230579655
2230587580
2230595174
2230621459
2230625365
2230700749
2230752298
2230751128
2230756383
2230770343
2230793947
2230823011
2230823338
2230828385
2230835307
2230888254
2230914561
2230966794
2230973879
2231076401
2231201722
2231202458
2231220697
2231224766
2231334302
2231364615
2231436735
2231524735
2231549519
2231552003
2231553688
2231564747
2231602968
2231601590
2231624340
2231687714
2231712327
2231801258
2231806189
2231867249
2231880309
2231896234
2231940485
2231944434
2231944627
2231964197
2232068946
2232088334
2232116787
2232158169
2232187184
2232303519
2232464236
2232475589
2232567534
2232629130
2232659322
2232677841
2232771771
2232787393
2232884763
2232885907
2232959197
2232997117
2233008033
2233107195
2233164268
2233167241
2233172243
2233172566
2233245273
2233266357
2233288044
2233292848
2233320306
2233340221
2233360971
2233368909
2233418144
2233441706
2233475979
2233504710
2233527652
2233667897
2233708698
2233737068
2233741783
2233819863
2233906276
2233918821
2233932664
2233935138
2234063009
2234087380
2234128881
2234163420
2234207353
2234211061
2234229183
2234256046
2234264320
2234290890
2165708025
2234302051
2234306594
2234345924
2234348776
2234386914
2234390016
2234394725
2234456127
2234458676
2234460982
2234491983
2234501367
2234534587
2234543694
2234604561
2234643985
2234652060
2234679085
2234695880
2234734422
2234776677
2234781427
2234821823
2234861587
2234869028
2234878307
2234910508
2234981994
2234995679
2235023345
2235024153
2235164205
2235175110
2235221584
2235335136
2235368211
2235459001
2235591246
2235605739
2235625798
2235640072
2235665297
2235677152
2235767255
2235770491
2235805447
2235839660
2235843766
2235848299
2235937214
2236090516
2236151520
2236168110
2236195257
2236276798
2236280504
2236379537
2236400084
2236440876
2236674674
2236703798
2236704095
2236719764
2236730803
2236748964
2236853544
2236873145
2236883655
2236922891
2237001860
2237018859
2237028689
2237060399
2237110095
2237182356
2237297602
2109965054
2237347782
2237357899
2237415431
2237417771
2237454976
2237510129
2237546888
2237547690
2237561039
2237688111
2237700142
2220466796
2237783322
2237790872
2237845646
2238152172
2238235450
2238286798
2238322475
2238457535
2238466310
2230486909
2238910323
2239010087
2239131609
2239132123
2239246140
2239337765
2239367143
2239418429
2239609804
2239735698
2239761469
2239889487
2239905014
2240009768
2240024981
2240106897
2240132405
2240275871
2240322560
2240475071
2240482947
2240498734
2240504116
2240591944
2240600791
2240609728
2240707264
2240708268
2240717892
2240730385
2240803107
2240840095
2240858703
2240877362
2240923455
2240941911
2240993806
2241039178
2241085039
2241115078
2241130435
2241155094
2241438446
2241511919
2241534045
2241547061
2241578491
2241701920
2241707490
2241724527
2242062561
2242158445
2242180354
2242240633
2242265467
2242290575
2242346872
2242367546
2242445924
2242538390
2242670187
2242899724
2242903832
2243172975
2243226691
2243326208
2243374401
2243299627
2243396540
2243419194
2243520284
2243599661
2243166918
2243617578
2243646588
2243702237
2243809094
2244058921
2244108160
2244361335
2244370448
2244424626
2244468820
2244684774
2244766826
2244774310
2244885477
2244907400
2244939523
1948006166
2245019338
2245038087
2245051323
2245073485
2245075363
2245086140
2245118188
2245164157
2245255444
2245263946
2245293495
2245356565
2245391844
2245423970
2245472406
2245666672
2245714356
2245745989
2245770798
2245818046
2245841712
2245908067
2245916727
2245985043
2246024863
2246110759
2246245862
2246247612
2246261934
2246293076
2246354525
2246474953
2246496217
2246502375
2246551289
2246557087
2246567445
2246571219
2246634254
2246646155
2246690340
2246719932
2246727234
2246749658
2246755502
2246757214
2246758986
2246762002
2246765916
2246767073
2246774955
2246777372
2246778646
2246804091
2246807809
2246808209
2246808457
2246808688
2246816609
2246822574
2246828384
2246832494
2246834284
2246840250
2246842546
2246853533
2246854620
2246858159
2246858926
2246859099
2246868551
2246879956
2246885564
2246888962
2246897020
2246899217
2246932108
2246933389
2246933943
2246941255
2246917102
2246961009
2246981798
2246983970
2247006289
2247045409
2247045786
2247068470
2247071919
2247073268
2247074493
2247093248
2247104605
2247073259
2247139227
2247143400
2247146080
2247154318
2247249500
2247250376
2247283582
2247312364
2247323914
2247341506
2247337117
2247386647
2247415135
2247433578
2247441526
2247468536
2247471629
2247493436
2247496691
2247527049
2247527270
2247528697
2247625988
2247629236
2247629336
2247676570
2247677251
2247695097
2247704859
2247710797
2247740651
2247749838
2247754117
2247758018
2247765407
2247765675
2247766784
2247771103
2247779058
2247787522
2247801625
2247803682
2247805657
2247807095
2247809780
2247810288
2247814049
2247811046
2247818128
2247822589
2247823074
2247846692
2247862202
2247905163
2247941279
2247767286
2247945366
2247963135
2247968701
2248003504
2248010922
2248019012
2248045474
2248052055
2248092052
2248109652
2248119792
2248136169
2248144758
2248164730
2248185294
2248271261
2248339628
2248346279
2248354567
2248433962
2248486206
2248500567
2248526370
2248585013
2248612556
2248634754
2248642827
2248736640
2248793902
2248853218
2248913564
2248916250
2248921150
2249000709
2249044099
2249046301
2249152962
2249188298
2249228401
2249235952
2249248728
2249249255
2249252719
2249280381
2249288955
2249353605
2249358436
2249371475
2249445421
2249457561
2249479153
2249487960
2249508754
2249521941
2249546092
2249599086
2249608967
2249631426
2249658202
2249726423
2249753030
2249779735
2249870747
2249879904
2249914661
2249966443
2249994252
2250098554
2250129089
2250136820
2250207695
2250218751
2250225673
2250305933
2250462599
2250539012
2250564736
2250575694
2250584397
2250592225
2250625542
2250640881
2250673867
2250700059
2250708405
2250723668
2250731314
2250784592
2250790757
2250814488
2250849728
2250960350
2251015814
2251073217
2251105271
2251160771
2251192785
2251221580
2251294573
2251400199
2251583235
2251605226
2251617596
2251707551
2251715055
2251720476
2251753612
2251853676
2251858187
2251889922
2251913179
2251914273
2251949475
2251972527
2251992779
2251993574
2252024171
2252033218
2252062440
2252136492
2252143207
2252174988
2252223182
2252556117
2252556165
2252611423
2252617917
2252644378
2252668177
2252736186
2252742252
2252748260
2252765030
2252797860
2248040390
2252847473
2252910749
2252922457
2253121089
2253150178
2253172951
2253221325
2253318108
2253463937
2253491454
2253550908
2253584218
2253585718
2253613371
2253811395
2253819496
2253825524
2253999742
2254025334
2254047739
2254143181
2254176378
2254193593
2234498608
2254285502
2254347215
2254480306
2254500050
2254540831
2254580746
2254578992
2254635793
2254647412
2254686121
2254794899
2254850882
2254853343
2254930877
2254994189
2254997615
2254998564
2255069212
2255119122
2255153177
2255203741
2255216318
2255223173
2255317367
2255340464
2255371319
2255400322
2255541060
2255542337
2255665308
2255679159
2255705941
2255766918
2255768950
2255802235
2255881289
2255896967
2255923198
2255957472
2255958633
2255989019
2256043595
2256088752
2256109764
2256114786
2256119855
2256138375
2256159124
2256161915
2256253660
2256259739
2256265470
2256295092
2256323556
2256326005
2256326574
2256337891
2256355239
2256394405
1965236795
2256401135
2256402748
2256406517
2256413632
2256424345
2256424867
2256433457
2256438074
2256442362
2256455163
2256460409
2256490935
2256605730
2256776517
2256845809
2256892111
2256919568
2256939220
2256953358
2256988962
2257035021
2257035954
2257059160
2257087599
2257121573
2257252209
2257254900
2257307685
2257330719
2257351480
2257365157
2257377690
2257381469
2257574568
2257577463
2257627661
2257630977
2257689648
2257782427
2257782987
2257789671
2257882612
2257934713
2258012384
2258117403
2258150363
2258166109
2258182009
2258188347
2258188534
2258192061
2258221544
2258222758
2258231562
2258264357
2258304431
2258341330
2258360090
2258389857
2258399729
2047701114
2258456906
2258456883
2258497070
2258501584
2258503711
2258519041
2258568112
2258568856
2258577728
2258589932
2258589992
2258590288
2258594120
2258596735
2258608549
2258613226
2258661033
2258662877
2258666549
2258682284
2258706408
2258718523
2258737177
2258741814
2258762966
2258805985
2258881363
2258907887
2258980120
2258986014
2259033792
2259043467
2259058499
2259081763
2259096505
2259171651
2259232220
2259291472
2259288656
2259339018
2259342155
2259346650
2259346848
2259349702
2259357223
2259360754
2259362306
2259375779
2259382155
2259396621
2259442503
2259453747
2259462546
2259487830
2259509527
2259535614
2259545321
2259557472
2259583698
2259594625
2259640223
2259640685
2259642847
2259662798
2259663131
2259684323
2259716248
2259716890
2259720411
2259728008
2259739841
2259751975
2259758253
2259758991
2259778566
2259782713
2259803287
2259808586
2259832089
2259842439
2259886756
2259891253
2259902859
2259927739
2259929854
2259932808
2259946755
2259992424
2260008210
2260020949
2260021107
2260084356
2260124983
2260132430
2260196164
2260208659
2260215636
2050113254
2260246907
2260300514
2260312165
2260370200
2260373390
2260386272
2260432232
2260489469
2260507289
2260532943
2260650156
2260669605
2260730203
2260787679
2260805800
2260812896
2260814173
2260872361
2260873922
2260885328
2260931849
2260941176
2260945293
2260961123
2260961892
2260980569
2261041589
2261052693
2261062663
2261068003
2261104783
2261126984
2261145462
2261171656
2261177111
2261185362
2261188550
2261201240
2261205603
2261275488
2261293608
2261310373
2261342821
2261365274
2261310377
2261380551
2261381105
2261499715
2261532190
2261552716
2261564549
2261602083
2261713754
2261736220
2261767321
2261788975
2261796241
2261891275
2261899071
2261945440
2261953319
2261958141
2262112052
2262145620
2262148533
2239112010
2262178036
2262180152
2262194543
2262223598
2262229024
2262251760
2262262594
2262347700
2262351057
2262461988
2262492181
2262507026
2262513494
2262532271
2262549486
2262639692
2262661923
2262708683
2262741777
2262781377
2262799380
2262806794
2262842325
2262863157
2262884772
2262912621
2262922008
2262988327
2262992497
2263052375
2263105245
2263116528
2263146842
2263172322
2263179367
2263203323
2263344128
2263355239
2263358129
2263425425
2263487762
2263507588
2263530186
2263546181
2263553117
2263578780
2263585533
2263697804
2263704205
2263717464
2263890414
2263917820
2263924454
2264009869
2264064477
2264076657
2264093052
2264105181
2264186906
2264244419
2264246292
2264309221
2264350764
2264387826
2264393351
1992916156
2264627030
2264680124
2264695599
2264713970
2264721676
2264731088
2264752398
2264885942
2264986561
2265003944
2265048162
2265070071
2265143095
2265158099
2265179921
2265203486
2265457417
2265538354
2265696155
2265719098
2265723349
2265745917
2265871271
2265958332
2266042490
2266108187
2266147929
2266182636
2266246118
2266299137
2266306623
2266307509
2266391707
2266428018
2266554050
2266581367
2266625123
2266655733
1811255428
2266793973
2266837631
2266870114
2266981324
2267037795
2267090210
2267389723
2267400803
2267495088
2267507603
2267632728
2267635937
2267664678
2267679685
2267770848
2267830325
2267908531
2268007437
2268080420
2268158846
2268705212
2268828594
2268967542
2269070629
2269168444
2269198428
2269325921
2269657167
2269681094
2269946595
2270085465
2270117540
2270311161
2270379836
2270391104
2270404404
2270408435
2270435190
2270452805
2270489211
2270727558
2270854140
2271205113
2271430379
2271557974
2271702957
2271738714
2272066853
2272120940
2272176265
2272251836
2272716135
2272842237
2272862873
2272863384
2272865036
2273146404
2273155728
2273230814
2273541419
2273579404
2273620180
2224466888
2274045890
2274118512
2274281893
2274291614
2274408988
2274441102
2274473803
2274487327
2274578259
2275045622
2275064986
2275162147
2275205649
2275249207
2275365609
2275465311
2275543239
2275547220
2275621329
2275627777
2275666986
2275731791
2275767976
2275881641
2275940217
2276014769
2276128716
2276162071
2276207390
2276225038
2276232750
2276304038
2276307247
2276352039
2276432830
2276430236
2276444016
2276459035
2276592420
2276738660
2276862104
2276878269
2276956518
2276977347
2277198404
2277227766
2277229556
2277250992
2277545879
2277612557
2277736695
2277812645
2277973991
2278216508
2278349331
2278438165
2278568347
2278677371
2278785774
2278874399
2279083925
2279255809
2279273949
1939484868
2279359772
2279395977
2279448143
2279502707
2279502897
2279582434
2279619378
2279654052
2280009200
2280061686
2280118516
2280211051
2280278832
2280332152
2280333328
2280407869
2280409870
2280519705
2280564221
2280591879
2280604051
2280844368
2280896224
2280968779
2280974645
2281038687
2281046786
2281142108
2281195848
2281199107
2281265617
2281336806
2281390054
2281431076
2281538889
2281589695
2281655061
2281844287
2281882828
2281961867
2282018801
2282057214
2282065519
2282070604
2282098065
2282159447
2282261178
2282297570
2282301483
2282385826
2282448981
2282471727
2282474344
2282519383
2282531979
2282601943
2282604573
2282665163
2282680531
2282711010
2282753084
2282827894
2282958926
2282991220
2283041674
2283064916
2283113318
2283158084
2283165513
2283189792
2283201367
2283220075
2283420246
2283424947
2283454521
2283475901
2283493347
2283499145
2281238181
2283516147
2283605576
2283616168
2283621314
2283649741
2283653659
2283657040
2283742148
2283756239
2283759832
2283770192
2283771043
2283881425
2168125707
2284420843
2284450025
2284553684
2284771709
2284859750
2284881637
2284895440
2285013897
2285038893
2285064509
2285153081
2285160185
2285194583
2285256435
2285266081
2285272514
2285289916
2285308393
2285438959
2285565536
2285603369
2285649995
2285767476
2285856239
2285930991
2285985080
2285986774
2286000360
2286042932
2286051204
2286080567
2286113814
2286320186
2286344601
2286357172
2286416017
2286433576
2286464456
2286467173
2286595774
2286621382
2286719605
2286724169
2286746654
2286801110
2286806752
2286871325
2287021291
2287028972
2287166979
2287367593
2287406398
2287445851
2287554261
2287752767
2287800968
2287809060
2287813339
2287844091
2287856538
2287866969
2287898582
2287899524
2288001036
2288035535
2288053507
2288054286
2288122141
2288141986
2288178860
2288222095
2288313423
2288364411
2288399309
2288496142
2288532535
2288542607
2288902081
2288938469
2289049119
2289060280
2289061359
2289114637
2289129093
2289145848
2289267531
2289274706
2289333928
2289345569
2289376066
2289400441
2289436185
2289444697
2289555688
2289576243
2289636046
2289667052
2289673923
2290036548
2290158378
2290168231
2290187578
2290385815
2290491572
2290706835
2290716637
2290730109
2290747081
2290871400
2290900617
2290944958
2290989768
2291068424
2291453090
2291483247
2291505043
2291547965
2291709515
2291824553
2291827863
2291934280
2291966833
2291974750
2291987577
2291989740
2292070144
2292237130
2292468660
2292527173
2292562954
2292575050
2292637614
2292722264
2292738194
2292751808
2292803970
2292813375
2292818616
2292839905
2292853597
2293055576
2293063873
2293110203
2293218140
2293255685
2293262293
2293271669
2293575806
2293606337
2294238189
2294303587
2294407073
2294663790
2295110817
2295952740
2296114499
2283082284
2296619037
2296780539
2296868897
2297101567
2297304643
2297984074
2298089894
2298453611
2298746413
2298841281
2298862953
2298882402
2298908807
2298912038
2298914323
2298914803
2298915159
2298917131
2298910147
2298920899
2298921902
2298923424
2298925192
2298928257
2298929787
2298930424
2298931392
2298936506
2298941779
2298942750
2298944571
2298942674
2298947570
2298950841
2298950805
2298951560
2298926488
2298957884
2298941784
2298963103
2298968347
2298967883
2298968794
2298969527
2298974697
2298975129
2298974431
2298976705
2298976801
2298978273
2007273898
2298982333
2298982552
2298984931
2298985126
2298977555
2298985937
2298987315
2298991156
2298993425
2299003204
2299004564
2299006885
2299008721
2299010110
2299010551
2299011527
2299012711
2299013088
2299015363
2299017399
2299017717
2299020064
2299020773
2299030465
2299033077
2299033388
2299034651
2299036463
2299039087
2299041772
1788633466
2299047849
2299048644
2299052408
2299052979
2299055387
2299056061
2299058986
2299060214
2299060345
2298997320
2299066282
2299071964
2299074705
2299079003
2299080184
2299082628
2299076872
2299086220
2299087530
2299091294
2299091726
2299084225
2299096513
2299101747
2299108491
2299117964
2299119466
2299128379
2299132956
2299134467
2299138575
2299142874
2299145303
2299146803
2299147792
2299148968
2299158889
2299171089
2299171695
2299172872
2299184116
2299203757
2299204334
2299214318
2299216551
2299217288
2299225306
2299250085
2299251773
2299266350
2299283418
2299285646
2299290075
2299291179
2299291467
2299291755
2299293894
2299306363
2299307782
2299308965
2299312752
2299315734
2299327045
2299337933
2299345005
2299362042
2299374335
2299380411
2299382609
2299385681
2299386562
2299386787
2299389355
2299392341
2299395869
2299396524
2299396640
2299415391
2299418965
2299422473
2299422635
2299426671
2299426892
2299427344
2299431053
2299432385
2299442834
2299445093
2299447996
2299466789
2299469004
2299473230
2299478885
2299480911
2299484272
2299485459
2299486647
2299494667
2299499798
2299500210
2299501706
2299494707
2299507080
2299512430
2299508740
2299514643
2299521960
2299525964
2299527881
2299532125
2299536757
2299536532
2299538878
2299539696
2298997401
2299548192
2299551804
2299554116
2299555790
2299561203
2299563030
2299564167
2299564832
2299566482
2299568233
2299569641
2299570493
2299571644
2299575448
2299576232
2299582320
2299595510
2299596017
2299596137
2299596577
2299596584
2299599676
2299601583
2299604095
2299609616
2299612670
2299616792
2299606988
2299600897
2299623225
2299623798
2299626303
2299625626
2299629009
2299629912
2299631244
2299640002
2299649655
2299650196
2299650513
2299653801
2299651876
2299665244
2299671378
2299673198
2299673311
2299677866
2299689650
2299698738
2299699795
2299700913
2299703124
2299714251
2299717512
2299719827
2299738403
2299748817
2299751052
2299759655
2299760610
2299774194
2299783637
2299787268
2299796234
2299802621
2299811264
2299813983
2299819833
2299826276
2299826897
2299843126
2299844378
2299847457
2299863636
2299866921
2299869155
2299869235
2299878245
2299882349
2299890454
2299894168
2299892394
2299903194
2299906060
2299911846
2299912112
2299914125
2299939065
2299939445
2299938820
2299941916
2299942927
2299943023
2299945803
2299955592
2299950952
2299957297
2299960439
2299960783
2299968174
2299970983
2299976158
2299983203
2300019829
2300070371
2300076570
2300078906
2300085718
2300086244
2300268585
2300395484
2300438699
2300446817
2300543061
2300684125
2300797457
2300829016
2301014955
2301041754
2301091686
2301176943
2301273858
2301417520
2301443737
2301874416
2301900796
2301968447
2302038963
2302059008
2302254086
2302259924
2302593492
2302669275
2302673391
2302754238
2303077126
2303626088
2303668618
2303714035
2303759698
2303774938
2303790731
2303792719
2303802179
2303802531
2303824521
2303828263
2303833779
2303846417
2303853349
2303858390
2303866956
2303879252
2303883141
2303885088
2303886710
2303887725
2303910033
2303917467
2303972543
2303983944
2304004427
2304008612
2304048934
2304162512
2304186564
2304190947
2304195177
2253792188
2304247974
2304254919
2304282496
2304313397
2304323001
2304381292
2304431896
2304507034
2304565486
2304691499
2304733600
2304786325
2304788527
2304818573
2304825852
2304888081
2304919135
2304924034
2304978864
2304994112
2305034971
2305058694
2305154205
2305167489
2305255505
2305272403
2305316898
2305406274
2305435445
2305466103
2305468769
2305500865
2305515060
2305636412
2305643170
2305671318
2305759352
2305787168
2305896796
2306044041
2306123248
2306129093
2306235951
2306271678
2306701666
2306714908
2306738845
2306788687
2306934142
2307039204
2307276933
2307299875
2307342753
2307576056
2307623103
2307804826
2307843089
2307924811
2307948159
2308025814
2308100822
2308114481
2308163258
2308231699
2308389736
2308420013
2308460960
2308660423
2308835205
2308835278
2308936391
2309114867
2309115847
2309241025
2309299724
2309399003
2309410620
2309429944
2309987120
2309988445
2310043749
2310223634
2310243048
2310294616
2310309276
2310319000
2310332551
2310339015
2310351214
2310367830
2310411360
2310427751
2310472309
1779391808
2310560790
2310585790
2310604660
2310764475
2310795258
2310930448
2310930623
2310985911
2310993071
2311025175
2311055243
2311058249
2311060652
2311091483
2311102404
2311102662
2311202804
2311232476
2311285708
2311322909
2311407755
2311523858
2311618398
2311687954
2311792942
2311971801
2312073130
2312135137
2312196493
2312409052
2312418693
2312428803
2312515351
2312577229
2312578994
2312610608
2312639392
2312671476
2312760106
2312840894
2312853741
2312863821
2313103345
2313233590
2313396049
2313402026
2313417665
2313588203
2313670551
2313742833
2313780403
2313829855
2313906479
2314015397
2314205604
2314231996
2314258610
2314284792
2314286058
2314352613
2314368907
2314371468
2314376577
2314401727
2314479169
2314497870
2314554176
2314699076
2314768006
2314817781
2314830472
2314887741
2314891165
2314892087
2314901000
2314902481
2314906173
2314906516
2314915499
2314922441
2314923333
2314924045
2314926374
2314929506
2314936821
2314934409
2314938234
2314940834
2314940724
2314941368
2314941932
2314942524
2314942533
2314942929
2314943260
2314944798
2314946353
2314947240
2314947377
2314948528
2314953678
2314954295
2314956767
2314957443
2314958153
2314960709
2314965479
2314973852
2314979868
2314984352
2314985046
2314989423
2314991123
2314995313
2314997593
2315006342
2315006426
2315017355
2315024374
2315025826
2315029810
2315034138
2315034436
2315037374
2315047331
2315051317
2315054232
2315054558
2315056448
2315066722
2315073391
2315073635
2315076035
2315089119
2315091802
2315096939
2315108575
2315115830
2315125988
2315135946
2315168529
2315177536
2315188039
2315192653
2315202175
2315202567
2315234274
2315245946
2315248439
2315282794
2315291832
2315327633
2315348215
2315384410
2315473633
2315495995
2315500545
2315517158
2315518812
2315040217
2315569633
2315581147
2315607223
2315619102
2315640165
2315692240
2315695085
2315746711
2315751657
2315754316
2315780376
2315788087
2315797657
2315839243
2315888162
2315888399
2315910743
2315930832
2315953177
2315966350
2315975651
2315977843
2315979676
2316016080
2316043193
2316055785
2316072783
2316074671
2316100598
2316135487
2316231217
2316247104
2316251726
2316302254
2316303197
2316307385
2316308032
2316316987
2316371778
2316372445
2316391776
2316416199
2316456215
2316456385
2316469916
2316517264
2316545787
2316551019
2316564477
2316604633
2316635929
2316645145
2316647171
2316656004
2316658328
2316660630
2316671714
2316691335
2316724167
2316732073
2316732699
2316734743
2316752489
2316752597
2316754986
1977116728
2316800256
2316802146
2316849481
2316876190
2316902681
2316913642
2316915826
2316938555
2316963608
2316982353
2316989277
2317004002
2317012530
2317013019
2317033809
2317041271
2317056799
2317083157
2317107103
2317110031
2317112792
2317121619
2317123367
2317153446
2317153790
2317160493
2317175192
2317206252
2317223617
2317232274
2317234156
2317249087
2317264157
2317297357
2317314914
2317354948
2317356859
2317385735
2317393438
2317394472
2317408042
2317446475
2317475752
2317502201
2317520101
2317559408
2317602552
2317603353
2317618846
2317630458
2317666452
2317671783
2317680865
2317740604
2317756577
2317792098
2317792377
2317805799
2317815578
2317830436
2317835691
2317856949
2317890264
2317896632
2317905589
2317928983
2317930019
2317943778
2317951464
2317957271
2317961762
2318032873
2318042735
2318071942
2318087141
2318151981
2318171724
2318177828
2318207915
2318226102
2318235817
1477986564
2318247817
2318260265
2318263989
2318276132
2318311431
2318318359
2318332710
2318342020
2318342602
2318359382
2318362607
2318373288
2318377085
2318380246
2318382409
2318386369
2318392491
2318408584
2318421005
2318423835
2318445673
2318460715
2318465666
2318474725
2318480944
2318483817
2318493962
2318514794
2318536718
2318540904
2318594651
2318602592
2318608240
2318608289
2318609394
2318614349
2318617627
2318643228
2318655136
2318669906
2318672441
2318677651
2318697964
2318709037
2318719031
2318719570
2318730827
2318753614
2318761504
2318761988
2318793991
2318802545
2318832747
2318843860
2318849192
2318894989
2318909399
2318914723
2318923080
2318923261
2318929215
2318929421
2318930457
2318930252
2318933574
2318934536
2318940627
2318941452
2318942516
2318943206
2318946111
2318947529
2318948105
2318952111
2318952181
2318952200
2318952217
2318954456
2318958823
2318961477
2318961850
2318963368
2318964329
2318965253
2318966814
2318968585
2318969546
2318969792
2318970917
2318972639
2318974510
2318976636
2318978074
2318983012
2318985946
2318988732
2318989464
2318995639
2318997395
2318999886
2319001636
2319002156
2319002766
2319003678
2319007936
2319010798
2319010862
2319012331
2319013038
2319017901
2319022545
2319025490
2319028602
2319033025
2319038505
2319040137
2319041589
2319043459
2319047209
2319047554
2319053452
2319055196
2319047203
2319055741
2319060241
2319062789
2319068599
2319072289
2319079929
2319081741
2319086348
2319090062
2319090166
2319095302
2319097592
2319098838
2319102582
2319103873
2319104382
2319108844
2319109553
2319114581
2319117824
2319118911
2319123435
2319124219
2319125268
2319126569
2319131099
2319132393
2319139896
2319142913
2319147158
2319150681
2319154218
2319156650
2319159363
2319160467
2319164210
2319171774
2319184640
2319205354
2319206497
2319209429
2319209685
2319213497
2319215138
2319221900
2319228314
2319232706
2319233681
2319237029
2319237156
2319245005
2319248681
2319250242
2319252726
2319256731
2319257034
2319257466
2319266044
2319276940
2319280780
2319285182
2319289581
2319293064
2319294733
2319294896
2319295281
2319299617
2319303718
2319312488
2319313688
2319316238
2319318408
2319319332
2319323034
2319324696
2319328873
2319331824
2319348251
2319358752
2319391561
2065369583
2319394844
2319397949
2319398614
2319404084
2319404515
2319419703
2319421967
2319430793
2319433382
2319435202
2319437585
2319441894
2319446696
2319446792
2319447995
2319452700
2319469730
2319470001
2319469673
2319475605
2319477175
2319483635
2319499753
2319503134
2170445854
2319510069
2319516340
2319518164
2319521186
2319528917
2319533612
2319558352
2319594911
2319597742
2319602203
2319605244
2319611772
2319615573
2319617060
2319622726
2319626331
2319628218
2319641729
2319658076
2319660999
2319665581
2319668876
2319676999
2319687580
2319689676
2319693540
2319694117
2319696049
2319699155
2319704625
2319708166
2319713063
2319726312
2319729185
2319737551
2319743240
2319745894
2319758718
2319764327
2319766520
2319771918
2319774405
2319776110
2319814048
2319822719
2319823631
2319824549
2319831020
2319834849
2319835197
2319841745
2319866353
2319866833
2319876086
2319881715
2319884713
2319894153
2319903126
2319904187
2319904903
2319907967
2319908885
2319910096
2319915849
2319924129
2319928350
2319929133
2319941008
2319946902
2319949906
2319953565
2319971030
2319971488
2319983644
2319986625
2319995285
2320004478
2320011286
2320012758
2320015090
2320017542
2320031789
2320033415
2320042997
2320051608
2320052300
2320053800
2320056372
2320073594
2320076091
2320077289
2320081691
2320082503
2320085563
2320095790
2320101612
2320104009
2320106207
2320116651
2320119889
2320135092
2320139636
2320148224
2320150801
2320165008
2320177743
2320180084
2320185254
2320190424
2320191938
2320198182
2320198571
2320210043
2320215012
2320232276
2320246902
2320253401
2320256730
2320260251
2320269931
2320271852
2320272756
2320284557
2320289701
2320301371
2320302199
2320307688
2320391945
2320399706
2320401538
2320408141
2320434875
2320475386
2320476961
2320477761
2320478920
2320480650
2320487614
2320492995
2320521753
2320524443
2320528549
2320549857
2320570274
2320585250
2320596983
2320598041
2320600277
2320604047
2320605243
2320611359
2320614807
2320614513
2320626257
2320632957
2320638966
1303884647
2320646651
2320649756
2320653276
2320658331
2320664708
2320668350
2320675365
2320675528
2320680082
2320691294
2320692271
2320695621
2320696099
1862913877
2320716746
2320734056
2320739111
2320756073
2320761591
2320766991
2320774182
2320777284
2320784917
2320785408
2320792719
2320810351
2320827660
2320836923
2320843323
2320849481
2320850035
2320857711
2320869252
2320870795
2320876966
2320881957
2320890894
2320911341
2320925216
2320926000
2320926890
2320931152
2320936683
2320961932
2320968306
2320972933
2320974905
2320975224
2320982995
2320991396
2321000177
2321003478
2321024655
2321031296
2321036169
2321039394
2321044893
2321044968
2321049549
2321054210
2321057172
2321064732
2321069470
2321072829
2321083864
2321086500
2321100258
2321110989
2321115446
2321127665
2321134641
2321140722
2321146474
2321152444
2321156639
2321163991
2321191673
2321196033
2321204242
2321216480
2321246165
2321250632
2321258617
2321262689
2321275682
2321307953
2321312345
2321329237
2321348722
2321357327
2321360024
2321370831
2321394400
2321395530
2321398567
2321402765
2321410447
2321410638
2321416940
2321423808
2321425799
2321435540
2321492831
2321500844
2321506648
2321534848
2321547139
2321559569
2321566036
2321570230
2321573400
2321574138
2321575672
2321575731
2321576153
2321578100
2321578757
2321579160
2321579672
2321582184
2321582181
2321586548
2321601834
2321602595
2321604498
2321605056
2321606254
2321607028
2321612215
2314948783
2321623751
2321635275
2321635340
2321650527
2321658655
2321662220
2321666855
2321693274
2321695299
2321713354
2321721742
2129651504
2321729184
2321730277
2321733990
2321744508
2321760273
2321760653
2321763752
2321770480
2321784194
2321803348
2321810503
2321819000
2321820178
2321820583
2321820842
2321842506
2321876425
2321939052
2321941969
2321951174
2321953549
2321955330
2321969732
2321973581
2322005339
2322011615
2322016181
2322027207
2322058349
2322063329
2322081516
2322121542
2322132009
2322147471
2322183625
2322196220
2322234514
2322265653
2322314378
2322323164
2322324098
2322329040
2322361095
2322373958
2322377324
2322392248
2322422855
2322430408
2322450645
2322478449
2322483238
2322504946
2322516074
2322526144
2322551303
2322563107
2322563337
2322574574
2322578121
2322597867
2322607584
2322612342
2322628347
2322631145
2322632529
2322641518
2322648963
2322654941
2322661113
2322714921
2322718026
2322736731
2322744757
2322785185
2322817688
2322844090
2322848250
2322862997
2322864706
2322872100
2322934416
2322946939
2322948326
2322950658
2322967320
2322976160
2322979358
2322993822
2322995052
2323006699
2323031456
2323056918
2323093067
2323128948
2323138538
2323171099
2323194272
2323195250
2323235752
2323246089
2323248524
2323261063
2323274833
2323309566
2323320648
2323347814
2323349097
2323375053
2323375444
2323376036
2323379749
2323387160
2323396169
2323398835
2323400752
2323533015
2323536177
2323558062
2323592463
2323608119
2323611022
2323613838
2323623022
2323715713
2323741536
2323749415
2323759381
2323774451
2323775148
2323800919
2323892199
2323892674
2323899160
2323911447
2323917550
2323999139
2324011216
2324023489
2324033188
2324046580
2324054109
2324055323
2323985694
2324076864
2324079443
2324115035
2324120868
2324121724
2324127537
2324132762
2324143309
2324175903
2324184084
2324198406
2324199408
2324210705
2324213418
2324232283
2324249465
2324274645
2324275273
2324289424
2324293695
2324300897
2324370113
2324378687
2324386991
2324403498
2324415562
2324428560
2324442908
2324446660
2324447131
2324450713
2324460295
2324466813
2324494192
2324499948
2324509615
2324523293
2324520455
2324559201
2324571788
2324576879
2324585718
2324595203
2324615313
2324618586
2324620585
2324655367
2324664212
2324667640
2324707893
2324720300
2324765352
2324780837
2324807940
2324814747
2324821547
2324824299
2324834805
2324874802
2324879548
2324881024
2324895823
2324909049
2324936150
2324965770
2324979173
2324995060
2325008626
2325016968
2325039448
2325039621
2325085371
2325087226
2325096470
2325148488
2325157270
2325175706
2325208702
2325209783
2325225572
2325249882
2325267215
2325281437
2325314979
2325335830
2325342968
2325378555
2325393080
2325422430
2325433576
2325445078
2325460631
2325487496
2325515359
2325533315
2325540782
2325585968
2325596285
2325597618
2325619906
2325621027
2325628464
2325643737
2325649385
2325652025
2325652812
2325668245
2325677304
2325692825
2325698678
2325703479
2325714647
2325742768
2325760275
2325783178
2325821556
2325824864
2325867268
2325886463
2325924648
2325976123
2325980329
2325983163
2326022453
2326032323
2326055062
2326055820
2326062819
2326064974
2326071417
2326076782
2326095855
2326118519
2326119122
2326130922
2326146176
2326146393
2326226551
2326231062
2185664097
2326296769
2326303210
2326325325
2326334262
2326339038
2326345749
2326353002
2326377357
2326385538
2326435015
2326448109
2326448266
2326463640
2326512204
2326551111
2326586039
2326588277
2326682323
2326682384
2326684169
2326686352
2326716304
2326756308
2326768606
2326774401
2326796700
2326803488
2326811730
2326816506
2326822151
2326871390
2326930484
2326962986
2326975080
2326995359
2327019417
2167040149
2327062297
2327082301
2327092338
2327103971
2327122035
2327167241
2327171292
2327173092
2327177501
2327191484
2327192216
2327221458
2327230867
2327232904
2327235520
2327322183
2327348229
2327349718
2327361718
2327363353
2327402144
2327480632
2327487932
2327490549
2327513858
2327522849
2327529472
2327558807
2327575414
2327575902
2327585313
2327595088
2327597636
2327643687
2327649991
2327661100
2327670037
2327684252
2327689148
2327702830
2327712992
2327719506
2327729284
2327745664
2327746451
2327794040
2327810410
2327826885
2327840858
2327877167
2327902453
2327920665
2327934547
2327965726
2327996837
2328005737
2328072872
2328191776
2328214856
2328281862
2328399885
2328408958
2328427047
2328429723
2328438836
2328532244
2328582924
2328624706
2328687631
2328693307
2328732659
2328771505
2328827199
2328851182
2328858529
2328882960
2328893022
2328908423
2328935962
2328950473
2329068615
2329082677
2316437986
2329123103
2329166963
2329205930
2329206499
2329213785
2329262646
2329268182
2329270758
2329274869
2329289715
2329312122
2329369251
2329432317
2329437663
2329438401
2329441099
2329463728
2329466940
2329493534
2329502389
2329519278
2329552088
2329594264
2329615387
2329637489
2329777746
2329799881
2329867039
2329890639
2329922641
2329942047
2329989935
2330004571
2330006618
2330015380
2330063698
2330126951
2330198522
2330212146
2330234291
2330273177
2330281627
2330296343
2330300151
2330312909
2330313619
2330346980
2330372522
2330387675
2330404629
2330483386
2330485889
2330500881
2330504622
2330507894
2330517276
2330529847
2330540477
2330554185
2330564028
2330575925
2330634209
2330702767
2330706322
2330716468
2330722766
2330726728
2330736748
2330746041
2330748539
2330756659
2330766607
2330772328
2330777314
2330793230
2330805174
2330813934
2330845992
2330890848
2330897735
2330908515
2330959046
2331008045
2331034807
2331035039
2331059152
2331061289
2331187530
2132431475
2331207074
2331218202
2331281933
2331283581
2331313688
2331334536
2331355103
2331362011
2331401739
2331447632
2331458911
2331519849
2331537830
2331552401
2331557791
2331558789
2331574782
2331583958
2331639634
2331681834
2331689408
2331698558
2331731102
2331739729
2331744373
2331759887
2331762420
2331775720
2331776744
2331791358
2331794728
2331799577
2331832253
2331837751
2331840523
2331865239
2331867812
2331872399
2331913430
2331957394
2331959302
2332049693
2332119300
2332125266
2332130852
2332146519
2332171071
2332197635
2332198125
2332208995
2332210738
2332212011
2332222628
2332229413
2332234548
2332241730
2332250247
2332252079
2332294729
2332303093
2332312777
2332327464
2332378292
2332384712
2332387821
2332419913
2332435540
2332444556
2332447974
2332450228
2332488526
2332497489
2332502508
2332534355
2332538445
2332561300
2332586824
2332648003
2332688437
2332704522
2332767569
2332776823
2332801177
2332828947
2332846613
2332941718
2332945463
2332962010
2333019232
2333057234
2333095479
2333101392
2333127925
2333187927
2333193007
2333261251
2333276224
2333304684
2333317491
2333341833
2333364362
2333366893
2333387958
2333391779
2333427039
2333439564
2333441250
2333460215
2333483729
2333486098
2333488624
2333506867
2333514166
2333528693
2333535323
2333541364
2333545982
1920742211
2333561375
2333573865
2333585269
2333588304
2333606393
2333614442
2333625287
2333633071
2333649728
2333652757
2333661347
2333758503
2333763273
2333828383
2333851881
2333903807
2333917317
2333981863
2333986509
2334000422
2334038882
2334060809
2334103584
2334133353
2334394413
2334456558
2334461944
2334522640
2334524139
2334524418
2334552845
2334556993
2334562980
2334563640
2334575419
2334597664
2334598308
2334610565
2334611039
2334629913
2334647335
2334670041
2334681879
2334741979
2334745458
2334783674
2334785006
2334789317
2334790791
2334791412
2334793347
2334795683
2334797180
2334799711
2334805818
2334806434
2334860246
2334868044
2334874981
2334907114
2334926587
2334934624
2334954454
2334955855
2335017427
2335043634
2335057090
2335089808
2335093402
2335119603
2335131507
2335152540
2335155688
2335169109
2335174019
2335225982
2335236741
2335242175
2335248056
2335322013
2335331578
2335333790
2335337810
2335341229
2335382541
2335404709
2335449976
2335457307
2335522000
2335536864
2335542786
2335578301
2335598467
2335601889
2335614803
2335616632
2335621150
2335634804
2335643166
2335651354
2335655826
2335676253
2335688433
2335717684
2335733141
2335736771
2335747490
2335768628
2335786361
2335797588
2335839356
2335858281
2335878591
2335883461
2335915146
2335922572
2335930803
2336038935
2336069565
2336085290
2336110855
2336130904
2336143827
2336152694
2336163426
2336168790
2336261973
2336265662
2336277833
2336279173
2336290956
2336291438
2336296070
2336297118
2336304566
2336311553
2336324969
2336327486
2336327808
2336335461
2336340357
2336349498
2336367873
2336369957
2336371512
2336378227
2336390165
2336391517
2336405177
2336408524
2336426602
2336441740
2336442421
2336448921
2336450251
2336465731
2336469571
2336479637
2336482003
2336485097
2336495828
2336496176
2336500341
2336522960
2336539025
2336538745
2336541005
2336541527
2336542186
2336553921
2336560120
2336572439
2336573795
2336591806
2336609701
2336614647
2336615319
2336633225
2336633524
2336717560
2336732506
2336735966
2336751589
2336752292
2336782667
2336787177
2336795357
2336812845
2336826173
2336871392
2336887231
2336898430
2336904591
2336940233
2336949395
2336950919
2336962049
2336963187
2336978034
2336979357
2336981337
2336983053
2336995306
2337002671
2337005758
2337042756
2337049479
2337095747
2337100272
2337125002
2337136843
2337140307
2337141333
2337142295
2337146749
2337147681
2337157894
2337159066
2337168231
2337180242
2337181404
2337185076
2337206109
2337214491
2337222175
2337240724
2337244690
2337256546
2337302036
2337316230
2337338226
2337348405
2337349359
2337350502
2337372680
2337377455
2337377906
2337404283
2337404519
2337407287
2337419126
2337425915
2007367346
2337453662
2337464063
2337480422
2337491865
2337492916
2337531985
2337532977
2337574047
2337640895
2337641380
2337643389
2337657465
2337667963
2337687651
2337696334
2337704187
2337710003
2337705029
2337714139
2337717383
2337735002
2337744468
2337752413
2337761998
2337776910
2337782521
2337848079
2337865352
2337865390
2337869713
2337906314
2337911729
2337930926
2337948673
2337952380
2337971172
2337972635
2337999555
2338010009
2338012521
2338045003
2338087768
2338099374
2338127976
2338146671
2338149336
2338159350
2338237370
2338255596
2338280590
2338285972
2338294593
2338301200
2338316163
2338317445
2338322039
2338332514
2338351201
2338366106
2338389204
2338415915
2338416263
2338452540
2338470985
2338555517
2338573572
2338587265
2338591382
2338623633
2338677795
2338708066
2338748511
2338753897
2338779391
2338785451
2338787427
2338795398
2338822323
2338832836
2338859138
2338860888
2338865730
2338884969
2338888195
2338895804
2338929039
2338953052
2338976005
2338985706
2338995890
2338999623
2339010056
2339014804
2339021549
2339022034
2339027153
2339035535
2339066873
2339070227
2339073444
2339079557
2339132165
2339140709
2339207012
2339213113
2339219771
2339225093
2339225961
2339295788
2339300666
2339329261
2339353136
2339365870
2339381736
2339391860
2339396914
2339425100
2339458894
2339463022
2339484751
2339493295
2339512762
2339553304
2339568985
2339586010
2339587762
2339592181
2339599699
2339601785
2339604364
2339641652
2339651358
2339656445
2339663734
2339668770
2339764398
2339781620
2339858427
2339858554
1363932068
2339925461
2339956886
2339978170
2339981395
2340029195
2340041912
2340080092
2340103889
2340104290
2340117612
2340123106
2340124812
2254985940
2340138466
2340145106
2340147433
2340151165
2340156292
2340162596
2340169425
2340206114
2340212912
2340230260
2340242531
2340248626
2340258573
2340268898
2340314693
2340323267
2340333841
2340346693
2340352130
2340361534
2340371778
2340406351
2340407878
2340415134
2340442297
2340442462
2340444994
2340457858
2340472514
2340478530
2340480673
2340487403
2340488200
2340490606
2130053771
2340506112
2340524684
2340530400
2340571016
2340596472
2340598092
2340604102
2340605333
2340606534
2340616486
2340619695
2340620287
2340624505
2340625695
2340632936
2340636594
2340638022
2340644542
2340644589
2340650757
2340650962
2340655918
2340656626
2340657430
2340659865
2340662899
2340663961
2340667689
2340668577
2340668572
2340674145
2340680311
2340683496
2340689160
2340689361
2340690432
2340697706
2340698968
2340700275
2340702501
2340705412
2340706722
2340709946
2340710182
2340721704
2340725200
2340727693
2340730730
2340731380
2340737343
2340755888
2340763580
2340783458
2340797848
2340803939
2340805601
2340816969
2340823321
2340834750
2340840489
2340849613
2340851615
2340854463
2340858856
2340862969
2340745725
2340891881
2340893238
2340901427
2340905847
2340934994
2340940045
2340955135
2340955207
2340966008
2340976328
2340977845
2340979653
2340990786
2340991805
2340994698
2341022574
2341030199
2341037383
2341073802
2341083044
2341088962
2341099984
2341153286
2341181851
2341186915
2341196981
2341206818
2341227945
2341237442
2341244613
2341246055
2341263636
2341268337
2341307698
2341358098
2341364194
2341366020
2341437466
2341465971
2341474609
2341479182
2341494347
2341513519
2341515650
2341556212
2341559427
2341560241
2341574810
2341581007
2341594281
2341614161
2341655057
2341683401
2341694276
2341734838
2341736311
2341740650
2341742130
2341748165
2341752785
2341773339
2341781244
2341799338
2341832898
2341865914
2341904641
2341905318
2341913243
2341930189
2341957136
2341958663
2341971153
2342007635
2342019182
2342025010
2342043005
2342045745
2342050980
2342091496
2342101275
2342128404
2342132834
2342142074
2342165168
2342196807
2342213687
2342224655
2342279426
2342285651
2342327769
2342339859
2342384953
2342395125
2342395310
2342404809
2342420250
2342459306
2342495203
2342513099
2342522363
2342566091
2342570427
2342598290
2342670784
2342671387
2342676084
2342678214
2342685366
2342695234
2342716987
2342718385
2342725472
2342738939
2342759609
2342773040
2342779874
2342793219
2342812666
2342818081
2342839433
2342848562
2342855097
2342860394
2342890993
2342907256
2342911208
2342912932
2342942267
2342966074
2342977966
2342996875
2343005895
2343037429
2343041845
2343048442
2343065961
2343073315
2343087866
2343091870
2343095921
2343103267
2343125373
2343137272
2343139096
2343148595
2343171137
2343176617
2343173197
2343195262
2343208166
2343222954
2343238492
2343244770
2343302883
2343323825
2343353891
2343370692
2343386183
2343459701
2343478052
2343608382
2343632977
2343650973
2343655065
2343758765
2343767018
2343779271
2343791176
2343810933
2343831388
2343899700
2343925968
2343931475
2343934929
2343981947
2343997552
2344003313
2344009817
2344021956
2344029187
2344052451
2344054530
2344065656
2344070366
2344072378
2344077951
2344116311
2344148253
2344154399
2344184443
2344212865
2344223462
2344227271
2344326616
2344345634
2344387189
2344435964
2344485387
2344486581
2344501614
2344512634
2344530660
2344537759
2344547295
2344550965
2344562554
2344634068
2344642008
2344643227
2344655277
2344660390
2344675845
2344708541
2344735596
2344748931
2344768668
2344770422
2344814336
2344832601
2344850846
2344869949
2344875266
2344884252
2345027389
2345030146
2345036607
2345049299
2345065434
2345094000
2345099054
2345130057
2345131522
2345139433
2345143980
2345151802
2345154466
2345155141
2345165219
2345199326
2345222806
2345225412
2345278076
2345280264
2345289166
2345291776
2345292652
2345295795
2345322415
2345333370
2345349447
2345349727
2345354776
2345366699
2345378639
2345394608
2345398733
2345423650
2345485746
2345530650
2345541417
2345549123
2345588279
2345589533
2345600129
2345606973
2345614070
2345620352
2345628953
2345644811
2345646576
2345647316
2345661748
2345677198
2345690408
2345702809
2345729889
2345750761
2345757523
2345776654
2345791473
2345800279
2345802596
2345844819
2345849360
2345858578
2345884644
2345890619
2345904594
2345936755
2345937588
2345944894
2345971161
2345971533
2345973011
2345973253
2346043862
2346044923
2346060673
2346122360
2346128517
2346178793
2346204620
2346208859
2346209889
2346252286
2346261307
2346263864
2346270896
2346293296
2346294078
2346319574
2346335022
2346374500
2346381935
2346417074
2346430694
2346448700
2346449924
2346489962
2346558258
2346563209
2346566263
2346610396
2346627458
2346646170
2346646298
2346682979
2346685266
2346690167
2346697048
2346703076
2346724195
2346734185
2346751516
2346752951
2346756369
2346762083
2346826630
2346845953
2346860032
2346888383
2346892416
2346909130
2346914872
2346917259
2346979497
2347007812
2347009236
2347010766
2347018199
2347024443
2347026099
2347034070
2347046234
2347077066
2347087830
2347098569
2347113856
2347164707
2347184595
2347196166
2347218308
2347225059
2347248806
2347263422
2347310650
2347311788
2347318134
2347340382
2347360248
2347360412
2347410613
2347420422
2347445469
2347472400
2347477220
2347483757
2347491682
2347521710
2347535016
2347577461
2347581149
2347609668
2347622679
2347701557
2347718612
2347719881
2347723543
2347729269
2347803669
2347805763
2347810771
2347826052
2347841329
2347874366
2347874992
2347890451
2347927204
2347932555
2347966904
2347967379
2347967483
2347975224
2348054919
2348068750
2348071773
2348084983
2348140179
2348150824
2348165310
2348176430
2348212392
2348229655
2348235217
2348235320
2348236377
2348254508
2348277496
2348289331
2348300196
2348320598
2348336580
2348376137
2348387438
2348391995
2348392214
2348395489
2348423513
2348425524
1896024387
2348465990
2348477212
2348483916
2348486213
2348501568
2348559121
2348572758
2348586996
2348594416
2348612578
2348616275
2348646390
2348649889
2348652903
2348675596
2348678093
2348687311
2348716413
2348725887
2348749174
2348806167
2348790827
2348831709
2348844154
2348852054
2348858703
2348866611
2348882544
2348914337
2348919378
2348939323
2348943957
2348958829
2348964536
2348965382
2348976914
2348978575
2349026105
2349028359
2349031275
2349038032
2349043370
2349090447
2349105080
2349136504
2349153529
2349181063
2349183569
2349256516
2349279788
2349279805
2349281185
2349291313
2349294409
2349337781
2349343175
2349354836
2349384297
2349401024
2349408345
2349412950
2349414872
2349440888
2349455906
2349484546
2349487252
2349494684
2349512900
2349520140
2349523626
2349537762
2349550541
2349552628
2349567514
2349580193
2349591745
2349631699
2349645318
2349684888
2349712852
2349730814
2349731464
2349743777
2349752983
2349775037
2349785797
2349794458
2349853429
2349862669
2349898255
2349920288
2349957500
2349982759
2350007396
2350021992
2350072942
2350087281
2350089419
2350182390
2350206271
2350217992
2350227708
2350240149
2350258107
2350268199
2350268741
2350291730
2350292349
2350305302
2350307134
2350316557
2350320962
2350322596
2350343198
2350345226
2350367709
2348130165
2350432890
2350501628
2350507449
2350529059
2350618510
2350620647
2350658607
2350689513
2350706245
2350759051
2350768483
2350781492
2350787375
2350792907
2350793926
2350838967
2350848133
2350877790
2350899755
2350968868
2350976942
2350988265
2351010107
2351035306
2351037135
2351056071
2351083601
2351096878
2351106480
2351123868
2351126259
2351138945
2351141794
2351154501
2351158696
2351159267
2351162689
2351166531
2351194952
2351209325
2351216239
2351225369
2351235214
2351250237
2351267375
2351290457
2351295502
2351298741
2351315729
2351372838
2351400017
2351431339
2351451867
2351545044
2351552001
2351571890
2351586040
2351628325
2351639948
2351648799
2351663120
2351669465
2351676465
2351692440
2351717754
2351728953
2351766501
2351786192
2351821492
2351826159
2351853715
2351881698
2351891389
2351905431
2351922608
2351945753
2351962477
2352000829
2352005346
2352048075
2352083835
2352087507
2352101639
2352107742
2352115526
2352161959
2352181198
2352186195
2352320154
2352330664
2352351996
2352381942
2352395170
2352420509
2352428385
2352432290
2352438276
2352460210
2352468161
2352488749
2352492252
2352499912
2352511904
2352535741
2352544464
2352565735
2352611933
2352632516
2352649929
2352651214
2352653232
2352687531
2352706239
2352706259
2352753009
2352801629
2352824498
2352843791
2352852802
2352868701
2352882503
2352883410
2352884074
2353086777
2353095074
2353121117
2353129014
2353132134
2353144761
2353160665
2353162829
2353178095
2353209321
2353209627
2353236952
2353242802
2353264284
2353277622
2353286055
2353328632
2353336064
2353361306
2353390461
2353400499
2353413213
2353426395
2353488491
2353496117
2353500655
2353513116
2353535445
2353555223
2353662853
2353668428
2353670045
2353700540
2353711552
2353742402
2353759444
2353770013
2353781610
2353787071
2353791104
2353792349
2352524141
2353810627
2353822177
2353869401
2353872815
2353899232
2353922294
2353935978
2353973560
2353988924
2353993821
2353995462
2354044887
2354046750
2354094208
2354094346
2354103188
2354110442
2354121078
2354122503
2354159117
2354173937
2354178899
2354243653
2354295127
2354339509
2354352277
2354354496
2354387513
2354393844
2354403351
2354448696
2354486864
2354487681
2354512179
2354528480
2354532465
2354542471
2354544321
2354564684
2354574487
2354576016
2142685633
2354604822
2354613027
2354620176
2354634078
2354656047
2354676754
2354682544
2354691825
2354704367
2354717497
2354742802
2354745540
2354751320
2354764281
2354779497
2354792621
2354801469
2354805768
2354849811
2354853900
2354853946
2354858922
2354884411
2354914096
2354925965
2354928855
2354930401
2354935407
2354975800
2354976866
2354980478
2354984045
2354987072
2354988227
2354992891
2355002180
2355003954
2355006283
2355008677
2355012876
2355033393
2355042527
2355060627
2355060816
2355062646
2355068766
2355089580
2355104536
2355141219
2355156321
2355157250
2355160843
2355282691
2355312358
2355332627
2355451434
2355455618
2355462852
2355539068
2355546014
2355570961
2355585868
2355692491
2355707031
2355771312
2355782674
2355802839
2355859614
2355899014
2355926806
2355976284
2355981560
2356153216
2356276340
2356353905
2356385646
2356413487
2356420977
2356438872
2356465756
2356590099
2356616437
2356636512
2356658158
1988378065
2356675035
2356693726
2356742470
2356762123
2356902237
2356909900
2356979469
2357015183
2357028222
2357062230
2357106308
2357109506
2357150677
2357159553
2357198974
2357215707
2357221888
2357257890
2357318726
2357323237
2357323701
2357341930
2357399262
2357405769
2357431285
2357435324
2357503189
2357589100
2357639928
2357767089
2357853261
2357858051
2357889968
2357897220
2357902205
2357902455
2357910862
2357917375
2357935616
2357959860
2357962446
2357970653
2357978712
2357979341
2357982217
2357987685
2165617107
2358007846
2358035156
2358041642
2358113307
2358141098
2358146506
2358153904
2358167360
2358170505
2358257919
2358267616
2358303687
2358326220
2358331735
2358332715
2358349828
2358353666
2358370405
2358422530
2358426635
2358436087
2358460233
2358460821
2064114622
2358491357
2358494679
2358504533
2358503915
2358515905
2358521572
2358551776
2358588638
2358648668
2358669881
2358710082
2358714533
2358766651
2358782705
2358789063
2358817557
2358827935
2358828685
2358829670
2358902867
2358982728
2359010110
2359034388
2359088482
2359094674
2359102768
2359122214
2359130503
2359147172
2359224092
2359267482
2359296138
2359333777
2359380834
2359385674
2359391739
2359407287
2359443844
2359515909
2359571417
2359619946
2359643241
2359701306
2359703320
2359729718
2359730798
2359760834
2359779524
2359827781
2359893155
2359901286
2359940384
2359958342
2359963439
2360007535
2360012314
2360023017
2360034373
2360048744
2360101219
2360128407
2360156074
2360186046
2360251369
2360254642
2360289622
2360313360
2360315081
2360334520
2360347448
2360396303
2360434200
2360487087
2360508415
2360529595
2360571043
2360583822
2360594637
2360594739
2360598915
2360641999
2360642928
2360650114
2360672169
2360756715
2360775170
2360785211
2360786798
2360810072
2360819222
2360824776
2360844878
2360878035
2360885085
2360907944
2360941272
2360956366
2361046025
2361059225
2361067454
2361074854
2361111981
2361112620
2361159705
2361177000
2361230389
2361299934
2361306447
2361325783
2361328047
2361358352
2361361430
2361364631
2361368583
2361369443
2361371167
2361388415
2361407636
2361418700
2361429411
2361450386
2361454163
2361469926
2361474172
2361474744
2361493823
2361502346
2361513000
2361535023
2361536102
2361537492
2361587645
2361594520
2361603215
2361628626
2361636464
2361658815
2361683164
2361683911
2361712005
2361718136
2361721750
2361754148
2361771653
2361820476
2361847552
2361900756
2361925169
2361935840
2361961384
2361969712
2362002203
2362009190
2362015449
2362049674
2362061963
2362069422
2362077627
2362079058
2362086399
2362095487
2362122849
2362160954
1752524228
2362177327
2362188206
2362208306
2362218006
2362223684
2362227595
2362244593
2362283253
2362302187
2362325339
2362357633
2362365846
2362383354
2362392802
2362393347
2362393689
2362394095
2362395235
2362416671
2362439500
2362446927
2362499375
2362508864
2362513932
2362567183
2362575994
2362589441
2362634317
2362648768
2362654103
2362670354
2362670833
2362696950
2362782320
2362798787
2362808975
2362811181
2362839550
2362866692
2362885497
2362888002
2362907402
2362924909
2362936971
2362939557
2362940467
2362944965
2362959219
2362967753
2363089095
2363107710
2363114835
2363116271
2363118155
2363128052
2363130583
2363335998
2363370332
2363389309
2363390637
2363405521
2363446322
2363524656
2363563828
2363583020
2363597239
2363623387
2363660166
2363694602
2363701016
2363711609
2363745118
2363813166
2363836064
2363847604
2363867100
2363871295
2363931301
2363932242
2363955256
2363959846
2363962293
2363981648
2363988099
2363995862
2363998122
2364026536
2364049841
2364067806
2364076570
2364083907
2364103460
2364135100
2364141895
2364177351
2364231693
2364242364
2364339838
2364378077
2364388324
2364388956
2364392221
2364398273
2364408522
2364423360
2364440104
2364445902
2364450381
2364460780
2364463667
2364472764
2364498662
2364509295
2364523729
2364530469
2364530863
2364561922
2364592862
2364597378
2364597524
2364576589
2364603810
2364621659
2364643339
2364645281
2364649577
2364674733
2364690385
2364731616
2364742266
2364769541
2364819397
2364837634
2364848090
2364848137
2364859930
2364874063
2364878353
2364969154
2364994340
2365037373
2365052916
2365082766
2365158996
2365181628
2365230420
2365231466
2365247614
2365248015
2365281579
2365282674
2365315032
2365315167
2365325466
2365365128
2365374712
2365386159
2365386303
2365483135
2365517601
2365526865
2365558742
2365563897
2365569824
2365577444
2365594414
2365601263
2365666914
2365683309
2365720520
2365725884
2365738535
2365826261
2365867450
2365872212
2365881942
2365888521
2365892076
2365903031
2365974893
2365990433
2365994741
2366000243
2366026170
2366030418
2366037862
2366043818
2366058925
2366061779
2366077225
2366080459
2366091521
2366099707
2366109607
2366130887
2366149037
2366157014
2366158541
2366167886
2366173213
2366173497
2366236011
2366250710
2366270251
2366274352
2366302453
2366307105
2366341757
2366344214
2366359922
2366363546
2366377076
2366380423
2366399408
2366407453
2366442445
2366537913
2366539792
2366554587
2366646500
2366663769
2366714694
2366772949
2366792363
2366813290
2366857529
2366866219
2366884699
2366890215
2366903454
2366917568
2366929262
2366972958
2366995036
2367000683
2367010248
2367035619
2367056454
2367077218
2367088522
2367128988
2367139117
2367153843
2367166033
2367167391
2367221191
2367236020
2367294452
2367324718
2367343983
2367351644
2367359359
2367388611
2367418897
2367452775
2367469974
2367481057
2367498725
2367503573
2367511753
2367516653
2367541678
2367553041
2367553735
2367583212
2367584955
2367591745
2367608865
2367612485
2367614739
2367639916
2367641722
2367642560
2367661212
2367661994
2367675444
2367681001
2367684490
2367685714
2367699775
2367700179
2367766006
2367774031
2005656715
2367808413
2367828613
2367834483
2367860290
2367872105
2367923419
2367926267
2367946164
2367963403
2367978160
2367987134
2368023317
2368032783
2368037286
2368043887
2368068836
2368102935
2368103587
2368114036
2368188417
2368190304
2368203760
2368235224
2368239553
2368243898
2368252757
2368260648
2368280663
2368302156
2368333256
2368340433
2368343105
2368375625
2368393324
2368395450
2368401076
2368408679
2368413159
2368427663
2368428901
2368439477
2368453153
2368478266
2368481578
2368491587
2368503609
2368506664
2368507877
2368524144
2368534340
2368558590
2368560968
2368564243
2368566769
2368569141
2368590483
2368597428
2368600458
2368604922
2368622102
2368623913
2368630079
2368633929
2368644377
2368650023
2368656325
2368660380
2368678155
2368701732
2368701939
2368702789
2368705190
2368707290
2368733592
2368738624
2368749508
2368750179
2368756916
2368759912
2368764014
2368765525
2368776052
2368791751
2368812259
2368821205
2368887269
2368949073
2368956589
2368960498
2368976231
2369044180
2369044407
2369053821
2369059794
2369063275
2369066058
2369072030
2369072276
2369085834
2369179202
2369206750
2369219396
2369244344
2369262297
2007478735
2369349037
2110152981
2369399596
2369399863
2369411156
2369424454
2369426575
2369453940
2369483434
2369595270
2369606769
2369610105
2369646463
2369696596
2369705270
2369714497
2369724208
2369759790
2369784271
2369804844
2369806301
2369827934
2369844509
2369872191
2369881850
2369882832
2369883264
2369922147
2369926258
2369994463
2369996277
2369997255
2370008749
2370021188
2370031071
2370055788
2370089648
2370090275
2368928190
2370104382
2370112949
2370134167
2370134856
2370142705
2370143824
2370162008
2370192514
2370202534
2370206367
2370214495
2370218896
2370240011
2370260266
2370265884
2111014958
2370304748
2370311885
2370334834
2370343517
2370356805
2370366493
2370372683
2370398753
2370440554
2370445286
2370460947
2370543876
2370546788
2370570404
2370570727
2370576607
2370580437
2370593331
2370607963
2370621305
2370623489
2370628298
2370639997
2370663189
2370667802
2370667972
2370692513
2370701348
2370714785
2370736221
2370744596
2370745795
2370782246
2370784548
2370785364
2370796169
2370816888
2370831219
2370836150
1858931583
2370855098
2370911599
2370946563
2370951091
2370953411
2370953725
2370970008
2371005693
2371135253
2371135737
2371200246
2371205017
2371240922
2371293314
2371308920
2371313200
2371319747
2371350055
2371372989
2371401916
2371411253
2371451626
2371502835
2371524489
2371534631
2371562767
2371589741
2371617324
2371629762
2371649281
2371654817
2371666049
2371689028
2371703904
2371711386
2371723189
1962999484
2371739467
2371743650
2371745842
2371764794
2371770782
2371783378
2371796923
2371817466
2371817527
2371835443
2371841804
2371844073
2371857095
2371858819
2371868048
2371901573
2371901987
2371908410
2371937952
2371949521
2371957780
2371970882
2371989938
2371989996
2371990231
2372015499
2372021326
2372076130
2372100043
2372100054
2372102402
2372115649
2372122167
2372140177
2372157199
2372160379
2372167009
2226713765
2372173876
2372181981
2372205354
2372232355
2372232963
2372242403
2372290222
2372291308
2372298295
2372305502
2372346575
2372359324
2372368980
2372369258
2372377031
2372391452
2372410301
2372458422
2372466169
2372473427
2372527074
2372586430
2372597732
2372619690
2372637033
2372669034
2372714858
2372728152
2372731698
2372746471
2372749823
2372771582
2372780299
2372787968
2372789621
2372790355
2372813472
2372931180
2372948173
2372951702
2372963303
2372964616
2372969022
2372976536
2372992198
2372998480
2373006891
2373035805
2373068476
2373071580
2373074007
2373082819
2373086567
2373103121
2373112532
2373114878
2373136637
2373141723
2373218360
2373238715
2373242994
2373249542
2373257676
2373284948
2373304584
2373314175
2373318855
2373341082
2373342140
2373348396
2373386234
2373393592
2373394545
2373402741
2373433087
2373435121
2373482953
2373496624
2373520470
2373534755
2373537677
2373638621
2373647932
2373666526
2373670188
2373688886
2373705408
2373722595
2373724434
2373729514
2373729953
2373743768
2373777471
2373829608
2373839002
2373840669
2373853014
2373855967
2373861865
2373875741
2373886691
2373932101
2373949152
2374037352
2374042387
2374054815
2374067316
2374109428
2374110903
2374124245
2374163867
2374166379
2374174371
2374189533
2374242026
2374259514
2374308876
2374339635
2374378733
2374407161
2374443460
2374443573
2374451253
2374469576
2374564491
2374591587
2374599671
2374600239
2374600705
2374611059
2374630465
2374680362
2374697661
2374702929
2374733580
2374745490
2374754219
2374760189
2374778086
2374779462
2374811160
2374830323
2352830787
2374853639
2374865370
2374869811
2374890146
2374891347
2374899904
2374911920
2374962932
2374963661
2374978094
2374984281
2374996291
2375029925
2375100421
2375105133
2375111896
2375113447
2375131812
2375138191
2375154000
2375159040
2375159303
2375198090
2375198151
2375203689
2375206413
2375212502
2375219898
2375226295
2375234803
2375279793
2375287992
2375313780
2375318928
2299967078
2375320399
2375326708
2375410331
2375472797
2375473577
2375503807
2375543011
2375584700
2375601062
2089799712
2375411261
2375726940
2375731593
2375750899
2375754658
2375780045
2375793307
2375801648
2375836518
2375848061
1648177739
2375949454
2375993008
2376007869
2376014998
2376043465
2376049191
2376103899
2376110723
2376135071
2376155000
2376171130
2376191602
2376207146
2376210241
2376220093
2376222788
2376240469
2373080686
2376280713
2376285020
2376304639
2376307154
2376316910
2376319580
2376353215
2376361646
2376377819
2376390775
2376393575
2376419092
2376438465
2376445206
2376470582
2376492297
2376542661
2376636221
2376644440
2376677499
2376683043
2376685567
2376695218
2376702383
2376710609
2376711214
2376717288
2376720759
2376721128
2376736325
2376740472
2376746405
2376747429
2376752206
2376766838
2376797515
2376821237
2376840075
2376878792
2376972355
2376976211
2376988858
2376992278
2377002195
2377011348
2377016170
2377063351
2377072257
2377107036
2377113259
2377140213
2377140335
2377181146
2377200954
2377216157
2377219250
2377234033
2377247140
2377253326
2377257003
2377277367
2377297746
2377326369
2377328139
2377341121
2377403090
2377405273
2377405732
2377468699
2377481825
2377512017
2377513250
2377520159
2377532254
2377537997
2377556505
2377561858
2377590641
2377593008
2377607835
2377706490
2377709491
2377769815
2377769820
2377776686
2377799706
2377815565
2377821209
2377836547
2377843744
2377873006
2377884675
2377899668
2377910709
2377922204
2377930831
2377931565
2377962227
2378027754
2378030846
2378034634
2378041602
2378044710
2378048674
2378082501
2378090033
2378090385
2378091646
2378122377
2378172332
2378172354
2378214100
2378271834
2378290023
2378290375
2378320607
2378322313
2378353579
2378355737
2378360908
2378373006
2378375121
2378434249
2378434354
2378464104
2378492779
2378496845
2378506021
2378506369
2378531042
2378560517
2378582609
2378618681
2378643736
2378670649
2378689749
2378693720
2378739974
2378816679
2378817239
2378825113
2378825830
2378846921
2378855810
2378878539
2378883064
2378894018
2378894418
2378906548
2378951530
2378972113
2378974745
2378982601
2378997609
2379003183
2379038251
2379046852
2379047413
2379052572
2379058465
2379062782
2379064430
2379072623
2379102558
2379108497
2379110138
2379110340
2379122876
2379125792
2379139363
2379141350
2379167759
2379191999
2379205360
2379208648
2379213670
2379250269
2379259520
2379259619
2379278253
2379288178
2379293150
2379302154
2379315343
2379326913
2379335884
2379359354
2379424200
2379429144
2379439067
2379460391
2379499093
2379519048
2379526731
2379535791
2379541380
2379554080
2379577509
2379581620
2379601295
2379631383
2379709395
2379724831
2379740124
2379754078
2379763461
2379789894
2379791734
2379837250
2379854789
2379860380
2379871950
2379889444
2379896159
2379931089
2379935064
2379947908
2379950483
2379951608
2380023980
2380071081
2380146221
2380180362
2380190527
2380259002
2380275753
2380320380
2380322667
2127210985
2380354162
2380383006
2380389953
2380424123
2380449686
2380450421
2380470147
2380510179
2380544038
2380558870
2380563572
2380567365
2380607295
2380618762
2380667848
2380701697
2380719984
2380783366
2380795276
2380814383
2380861172
2380885582
2380923860
2380926856
2380964679
2381004889
2381011534
2381032728
2381037645
2381097728
2381100786
2381104108
2381135361
2381227668
2381253389
2381262044
2381263763
2381267034
2381275384
2381324451
2381326510
2381337760
2381345016
2381351316
2381353852
2381359277
2381365841
2381373202
2381388950
2381434993
2381460358
2381497381
2381518829
